packetLengthBin_0,packetLengthBin_1,packetLengthBin_2,packetLengthBin_3,packetLengthBin_4,packetLengthBin_5,packetLengthBin_6,packetLengthBin_7,packetLengthBin_8,packetLengthBin_9,packetLengthBin_10,packetLengthBin_11,packetLengthBin_12,packetLengthBin_13,packetLengthBin_14,packetLengthBin_15,packetLengthBin_16,packetLengthBin_17,packetLengthBin_18,packetLengthBin_19,packetLengthBin_20,packetLengthBin_21,packetLengthBin_22,packetLengthBin_23,packetLengthBin_24,packetLengthBin_25,packetLengthBin_26,packetLengthBin_27,packetLengthBin_28,packetLengthBin_29,packetLengthBin_30,packetLengthBin_31,packetLengthBin_32,packetLengthBin_33,packetLengthBin_34,packetLengthBin_35,packetLengthBin_36,packetLengthBin_37,packetLengthBin_38,packetLengthBin_39,packetLengthBin_40,packetLengthBin_41,packetLengthBin_42,packetLengthBin_43,packetLengthBin_44,packetLengthBin_45,packetLengthBin_46,packetLengthBin_47,packetLengthBin_48,packetLengthBin_49,packetLengthBin_50,packetLengthBin_51,packetLengthBin_52,packetLengthBin_53,packetLengthBin_54,packetLengthBin_55,packetLengthBin_56,packetLengthBin_57,packetLengthBin_58,packetLengthBin_59,packetLengthBin_60,packetLengthBin_61,packetLengthBin_62,packetLengthBin_63,packetLengthBin_64,packetLengthBin_65,packetLengthBin_66,packetLengthBin_67,packetLengthBin_68,packetLengthBin_69,packetLengthBin_70,packetLengthBin_71,packetLengthBin_72,packetLengthBin_73,packetLengthBin_74,packetLengthBin_75,packetLengthBin_76,packetLengthBin_77,packetLengthBin_78,packetLengthBin_79,packetLengthBin_80,packetLengthBin_81,packetLengthBin_82,packetLengthBin_83,packetLengthBin_84,packetLengthBin_85,packetLengthBin_86,packetLengthBin_87,packetLengthBin_88,packetLengthBin_89,packetLengthBin_90,packetLengthBin_91,packetLengthBin_92,packetLengthBin_93,packetLengthBin_94,packetLengthBin_95,packetLengthBin_96,packetLengthBin_97,packetLengthBin_98,packetLengthBin_99,packetLengthBin_100,packetLengthBin_101,packetLengthBin_102,packetLengthBin_103,packetLengthBin_104,packetLengthBin_105,packetLengthBin_106,packetLengthBin_107,packetLengthBin_108,packetLengthBin_109,packetLengthBin_110,packetLengthBin_111,packetLengthBin_112,packetLengthBin_113,packetLengthBin_114,packetLengthBin_115,packetLengthBin_116,packetLengthBin_117,packetLengthBin_118,packetLengthBin_119,packetLengthBin_120,packetLengthBin_121,packetLengthBin_122,packetLengthBin_123,packetLengthBin_124,packetLengthBin_125,packetLengthBin_126,packetLengthBin_127,packetLengthBin_128,packetLengthBin_129,packetLengthBin_130,packetLengthBin_131,packetLengthBin_132,packetLengthBin_133,packetLengthBin_134,packetLengthBin_135,packetLengthBin_136,packetLengthBin_137,packetLengthBin_138,packetLengthBin_139,packetLengthBin_140,packetLengthBin_141,packetLengthBin_142,packetLengthBin_143,packetLengthBin_144,packetLengthBin_145,packetLengthBin_146,packetLengthBin_147,packetLengthBin_148,packetLengthBin_149,packetLengthBin_150,packetLengthBin_151,packetLengthBin_152,packetLengthBin_153,packetLengthBin_154,packetLengthBin_155,packetLengthBin_156,packetLengthBin_157,packetLengthBin_158,packetLengthBin_159,packetLengthBin_160,packetLengthBin_161,packetLengthBin_162,packetLengthBin_163,packetLengthBin_164,packetLengthBin_165,packetLengthBin_166,packetLengthBin_167,packetLengthBin_168,packetLengthBin_169,packetLengthBin_170,packetLengthBin_171,packetLengthBin_172,packetLengthBin_173,packetLengthBin_174,packetLengthBin_175,packetLengthBin_176,packetLengthBin_177,packetLengthBin_178,packetLengthBin_179,packetLengthBin_180,packetLengthBin_181,packetLengthBin_182,packetLengthBin_183,packetLengthBin_184,packetLengthBin_185,packetLengthBin_186,packetLengthBin_187,packetLengthBin_188,packetLengthBin_189,packetLengthBin_190,packetLengthBin_191,packetLengthBin_192,packetLengthBin_193,packetLengthBin_194,packetLengthBin_195,packetLengthBin_196,packetLengthBin_197,packetLengthBin_198,packetLengthBin_199,packetLengthBin2_0,packetLengthBin2_1,packetLengthBin2_2,packetLengthBin2_3,packetLengthBin2_4,packetLengthBin2_5,packetLengthBin2_6,packetLengthBin2_7,packetLengthBin2_8,packetLengthBin2_9,packetLengthBin2_10,packetLengthBin2_11,packetLengthBin2_12,packetLengthBin2_13,packetLengthBin2_14,packetLengthBin2_15,packetLengthBin2_16,packetLengthBin2_17,packetLengthBin2_18,packetLengthBin2_19,packetLengthBin2_20,packetLengthBin2_21,packetLengthBin2_22,packetLengthBin2_23,packetLengthBin2_24,packetLengthBin2_25,packetLengthBin2_26,packetLengthBin2_27,packetLengthBin2_28,packetLengthBin2_29,packetLengthBin2_30,packetLengthBin2_31,packetLengthBin2_32,packetLengthBin2_33,packetLengthBin2_34,packetLengthBin2_35,packetLengthBin2_36,packetLengthBin2_37,packetLengthBin2_38,packetLengthBin2_39,packetLengthBin2_40,packetLengthBin2_41,packetLengthBin2_42,packetLengthBin2_43,packetLengthBin2_44,packetLengthBin2_45,packetLengthBin2_46,packetLengthBin2_47,packetLengthBin2_48,packetLengthBin2_49,packetLengthBin2_50,packetLengthBin2_51,packetLengthBin2_52,packetLengthBin2_53,packetLengthBin2_54,packetLengthBin2_55,packetLengthBin2_56,packetLengthBin2_57,packetLengthBin2_58,packetLengthBin2_59,packetLengthBin2_60,packetLengthBin2_61,packetLengthBin2_62,packetLengthBin2_63,packetLengthBin2_64,packetLengthBin2_65,packetLengthBin2_66,packetLengthBin2_67,packetLengthBin2_68,packetLengthBin2_69,packetLengthBin2_70,packetLengthBin2_71,packetLengthBin2_72,packetLengthBin2_73,packetLengthBin2_74,packetLengthBin2_75,packetLengthBin2_76,packetLengthBin2_77,packetLengthBin2_78,packetLengthBin2_79,packetLengthBin2_80,packetLengthBin2_81,packetLengthBin2_82,packetLengthBin2_83,packetLengthBin2_84,packetLengthBin2_85,packetLengthBin2_86,packetLengthBin2_87,packetLengthBin2_88,packetLengthBin2_89,packetLengthBin2_90,packetLengthBin2_91,packetLengthBin2_92,packetLengthBin2_93,packetLengthBin2_94,packetLengthBin2_95,packetLengthBin2_96,packetLengthBin2_97,packetLengthBin2_98,packetLengthBin2_99,packetLengthBin2_100,packetLengthBin2_101,packetLengthBin2_102,packetLengthBin2_103,packetLengthBin2_104,packetLengthBin2_105,packetLengthBin2_106,packetLengthBin2_107,packetLengthBin2_108,packetLengthBin2_109,packetLengthBin2_110,packetLengthBin2_111,packetLengthBin2_112,packetLengthBin2_113,packetLengthBin2_114,packetLengthBin2_115,packetLengthBin2_116,packetLengthBin2_117,packetLengthBin2_118,packetLengthBin2_119,packetLengthBin2_120,packetLengthBin2_121,packetLengthBin2_122,packetLengthBin2_123,packetLengthBin2_124,packetLengthBin2_125,packetLengthBin2_126,packetLengthBin2_127,packetLengthBin2_128,packetLengthBin2_129,packetLengthBin2_130,packetLengthBin2_131,packetLengthBin2_132,packetLengthBin2_133,packetLengthBin2_134,packetLengthBin2_135,packetLengthBin2_136,packetLengthBin2_137,packetLengthBin2_138,packetLengthBin2_139,packetLengthBin2_140,packetLengthBin2_141,packetLengthBin2_142,packetLengthBin2_143,packetLengthBin2_144,packetLengthBin2_145,packetLengthBin2_146,packetLengthBin2_147,packetLengthBin2_148,packetLengthBin2_149,packetLengthBin2_150,packetLengthBin2_151,packetLengthBin2_152,packetLengthBin2_153,packetLengthBin2_154,packetLengthBin2_155,packetLengthBin2_156,packetLengthBin2_157,packetLengthBin2_158,packetLengthBin2_159,packetLengthBin2_160,packetLengthBin2_161,packetLengthBin2_162,packetLengthBin2_163,packetLengthBin2_164,packetLengthBin2_165,packetLengthBin2_166,packetLengthBin2_167,packetLengthBin2_168,packetLengthBin2_169,packetLengthBin2_170,packetLengthBin2_171,packetLengthBin2_172,packetLengthBin2_173,packetLengthBin2_174,packetLengthBin2_175,packetLengthBin2_176,packetLengthBin2_177,packetLengthBin2_178,packetLengthBin2_179,packetLengthBin2_180,packetLengthBin2_181,packetLengthBin2_182,packetLengthBin2_183,packetLengthBin2_184,packetLengthBin2_185,packetLengthBin2_186,packetLengthBin2_187,packetLengthBin2_188,packetLengthBin2_189,packetLengthBin2_190,packetLengthBin2_191,packetLengthBin2_192,packetLengthBin2_193,packetLengthBin2_194,packetLengthBin2_195,packetLengthBin2_196,packetLengthBin2_197,packetLengthBin2_198,packetLengthBin2_199,Class
0,0,0,0,0,0,0,0,0,0,0,0,0,2,0,1,0,0,0,216,0,4,0,0,0,0,0,0,0,0,0,0,0,0,7,0,0,0,0,0,0,0,0,0,0,0,0,0,0,0,0,0,0,0,0,0,0,0,0,0,0,0,0,0,0,0,0,0,0,0,0,0,0,0,0,0,0,0,1,0,0,0,0,0,0,0,0,0,0,0,0,0,0,0,0,0,0,0,0,0,0,0,0,0,0,0,0,0,0,0,0,0,0,0,0,0,0,0,0,0,0,0,0,0,0,0,0,0,0,0,0,0,0,0,0,0,0,0,0,0,0,0,0,0,0,0,1,0,0,0,2,0,0,0,0,0,0,0,0,0,0,0,0,0,0,0,0,0,0,0,0,0,0,0,0,0,0,0,0,0,0,0,0,0,0,0,0,0,0,0,0,0,0,0,0,0,0,0,0,0,0,0,0,0,0,0,0,0,0,0,0,0,0,226,0,1,0,0,0,212,0,6,1,1,1,0,0,0,0,0,0,0,0,0,3,0,0,0,0,0,0,0,0,0,0,0,0,0,0,0,0,0,0,0,0,0,0,0,0,0,0,0,0,0,0,0,0,0,0,0,0,0,0,0,0,0,0,0,0,0,0,0,0,0,0,0,0,0,0,0,0,0,0,0,0,0,0,0,0,0,0,0,0,0,0,0,0,0,0,0,0,0,0,0,0,0,0,0,0,0,0,0,0,0,0,0,0,0,0,0,0,0,0,0,0,0,0,0,0,0,0,0,0,0,0,0,0,0,0,0,0,0,0,0,0,0,0,0,0,0,0,0,0,0,0,0,0,0,0,0,0,0,0,0,0,0,0,0,0,0,0,0,0,0,0,0,0,0,0,0,0,0,0,0,0,0,0,0,0,0,turnOnTap
